0.00 1.33 2.32 1.98 4.76 0.68 0.18 0.72 2.99 2.93 2.16 0.23 0.09 0.73 2.75 1.12
1.33 0.00 0.99 3.31 6.09 2.01 1.15 2.05 1.66 1.60 3.49 1.10 1.42 2.06 4.08 0.21
2.32 0.99 0.00 4.30 7.08 3.00 2.14 3.04 0.67 0.61 4.48 2.09 2.41 3.05 5.07 1.20
1.98 3.31 4.30 0.00 2.78 1.30 2.16 1.26 4.97 4.91 0.18 2.21 1.89 1.25 0.77 3.10
4.76 6.09 7.08 2.78 0.00 4.08 4.94 4.04 7.75 7.69 2.60 4.99 4.67 4.03 2.01 5.88
0.68 2.01 3.00 1.30 4.08 0.00 0.86 0.04 3.67 3.61 1.48 0.91 0.59 0.05 2.07 1.80
0.18 1.15 2.14 2.16 4.94 0.86 0.00 0.90 2.81 2.75 2.34 0.05 0.27 0.91 2.93 0.94
0.72 2.05 3.04 1.26 4.04 0.04 0.90 0.00 3.71 3.65 1.44 0.95 0.63 0.01 2.03 1.84
2.99 1.66 0.67 4.97 7.75 3.67 2.81 3.71 0.00 0.06 5.15 2.76 3.08 3.72 5.74 1.87
2.93 1.60 0.61 4.91 7.69 3.61 2.75 3.65 0.06 0.00 5.09 2.70 3.02 3.66 5.68 1.81
2.16 3.49 4.48 0.18 2.60 1.48 2.34 1.44 5.15 5.09 0.00 2.39 2.07 1.43 0.59 3.28
0.23 1.10 2.09 2.21 4.99 0.91 0.05 0.95 2.76 2.70 2.39 0.00 0.32 0.96 2.98 0.89
0.09 1.42 2.41 1.89 4.67 0.59 0.27 0.63 3.08 3.02 2.07 0.32 0.00 0.64 2.66 1.21
0.73 2.06 3.05 1.25 4.03 0.05 0.91 0.01 3.72 3.66 1.43 0.96 0.64 0.00 2.02 1.85
2.75 4.08 5.07 0.77 2.01 2.07 2.93 2.03 5.74 5.68 0.59 2.98 2.66 2.02 0.00 3.87
1.12 0.21 1.20 3.10 5.88 1.80 0.94 1.84 1.87 1.81 3.28 0.89 1.21 1.85 3.87 0.00
